gnss:
  reference_latitude: 47.234593265310046 # Wangen a.A., default: 47.4084860363, Obeglatt: ...
  reference_longitude: 7.681415329904487 # Wangen a.A., default 8.50435818058, Oberglatt: ...
  reference_altitude: 472.58400000000074 # Wangen a.A., default: 565.0, oberglatt: ...
  reference_heading: 0.0